2.5025	-214.4336107721714	-11.738692554133173
2.5191833333333333	-214.89168104155624	-16.94478378687211
2.5358666666666667	-214.9990017245267	-33.14353251384577
2.55255	-215.99757024310156	-55.96822679685094
2.5692333333333335	-216.86647489198162	-65.19322297274044
2.585916666666667	-218.17285078295868	-90.59429440652099
2.6026000000000002	-219.88930451534588	-98.80961277889195
2.6192833333333336	-221.46979819601438	-101.27404562370155
2.635966666666667	-223.26848183765674	-114.14799575144593
2.65265	-225.27853632092092	-131.1576280199888
2.6693333333333333	-227.64477469259032	-135.75776705088737
2.6860166666666667	-229.80832048151888	-140.82364741043506
2.7027	-232.34359039451851	-158.21819754157946
2.7193833333333335	-235.0875343394896	-180.09412216130858
2.736066666666667	-238.35273093730086	-197.52098887079782
2.7527500000000003	-241.6781513348119	-194.3505332621334
2.7694333333333336	-244.8375603971474	-203.27453239662694
2.7861166666666675	-248.4607448991128	-209.33034055735806
2.8028000000000004	-251.8222160937446	-213.6316551381323
2.8194833333333333	-255.58892112555498	-229.07437474429636
2.8361666666666667	-259.46566439771254	-230.06094645571036
2.85285	-263.26528803896053	-222.31132627303123
2.8695333333333335	-266.8834523176894	-220.77692786016075
2.886216666666667	-270.63187819856125	-231.07132395940678
2.9029000000000003	-274.59353216046827	-236.93701195074038
2.9195833333333336	-278.53767649731765	-238.61988575894875
2.936266666666667	-282.5554823486252	-246.0897946761889
2.95295	-286.7488726463464	-247.0409119721267
2.9696333333333333	-290.79841411142843	-231.1632173613169
2.9863166666666667	-294.4620186656357	-219.0272384017334
3.003	-298.1066229660996	-215.22245360270256
3.0196833333333335	-301.6432745341792	-204.89446638672362
3.036366666666667	-304.94326832787	-197.1136712546763
3.0530500000000003	-308.22030069837695	-200.10506744392987
3.0697333333333336	-311.62010741158247	-189.75079062086212
3.086416666666667	-314.55165207875973	-173.39131223275828
3.1031	-317.4055975297488	-172.16031891187228
3.1197833333333334	-320.29606805311914	-169.951249413161
3.1364666666666667	-323.07630421850126	-169.39172342862267
3.15315	-325.9481052248542	-169.18257630866353
3.1698333333333335	-328.72136284800035	-168.03285961167646
3.186516666666667	-331.5548016405638	-177.2226412526238
3.2032000000000003	-334.6346916444629	-177.09760524985737
3.2198833333333337	-337.46395840240075	-173.68755469122692
3.236566666666667	-340.43006638599354	-179.12575506607843
3.25325	-343.4407877631055	-183.7581205281441
3.2699333333333334	-346.5614623409492	-188.04207551806587
3.2866166666666667	-349.715125016225	-196.51579973595332
3.3033	-353.1185395254722	-201.37930795344099
3.3199833333333335	-356.4344812582715	-205.3606979011761
3.336666666666667	-359.9707414787748	-208.36493145346864
3.3533500000000003	-363.38692447110225	-213.09629392705963
3.3700333333333337	-367.08105448614106	-219.59867880328903
3.386716666666667	-370.714200387172	-218.9833562831084
3.4034	-374.38779914078737	-221.73944394009033
3.4200833333333334	-378.11290649997295	-232.44382883155404
3.4367666666666667	-382.1436748961336	-234.53592342438282
3.45345	-385.9385884782332	-223.32754177360727
3.4701333333333335	-389.5953705399796	-225.60949616640877
3.486816666666667	-393.4664253336524	-234.72304750317787
3.5035000000000003	-397.42729622500235	-219.4920890044548
3.5201833333333337	-400.7901447034344	-240.40260222209864
3.536866666666667	-405.4487297191464	-260.09521150635044
3.55355	-409.4686549273629	-228.42823121709293
3.5702333333333334	-413.0706183674233	-231.35020555167154
3.5869166666666668	-417.18804011927034	-250.95174985567922
3.6036000000000006	-421.4440417542746	-257.2326047247735
3.6202833333333335	-425.7710346969203	-235.85355400436592
3.636966666666667	-429.3136886728869	-211.31951821062847
3.6536500000000003	-432.82206262121497	-186.3132191977121
3.6703333333333337	-435.53033975345056	-147.97541790830843
3.687016666666667	-437.7595090654222	-302.5838379137396
3.7037	-445.6265538118389	-280.3310831947974
3.7203833333333334	-447.1132228746885	-214.3629942095354
3.7370666666666668	-452.7791323852971	-232.0610649647496
3.75375	-454.856327075679	-105.12124729607312
3.7704333333333335	-456.2866780034094	-165.77921435871846
3.787116666666667	-460.3878268614483	-250.95916996412515
3.8038000000000003	-464.66034897454574	-246.8123284914492
3.8204833333333337	-468.6231315554463	-225.49557060618397
3.837166666666667	-472.1843845137721	-228.79184096624948
3.85385	-476.2571526490201	-234.81904908783557
3.8705333333333334	-480.01951345166947	-239.14094763786034
3.8872166666666668	-484.2364889352034	-235.85783246379333
3.9039	-487.8893031282114	-225.75164101222464
3.9205833333333335	-491.7690686903113	-233.22238756902894
3.937266666666667	-495.67115679343135	-242.38038416956212
3.9539500000000003	-499.8564941754357	-247.21283709803348
3.9706333333333337	-503.9198251246024	-248.17057304016743
3.987316666666667	-508.1371189625427	-262.48503371860545
4.0040000000000004	-512.6780757496799	-271.12481655139953
4.020683333333333	-517.1836503414743	-262.03774954122406
4.037366666666667	-521.4214019927055	-227.08262113621834
4.05405	-524.7606404667195	-147.69702104003608
4.070733333333333	-526.3495592614079	-300.1440762665773
4.087416666666667	-534.775447811481	-341.5125457383505
4.1041	-537.7446945375442	-192.1565983622383
4.120783333333334	-541.1870729768343	-314.1331035163009
4.137466666666667	-548.2262690915381	-327.9844364677007
4.1541500000000005	-552.1308203403066	-210.2734482927384
4.170833333333333	-555.2423931495725	-173.40849068821868
4.187516666666667	-557.9168836462702	-307.55092114522233
4.2042	-565.5043422184515	-308.3380754789122
4.220883333333333	-568.2050974314163	-221.47068131051526
4.237566666666667	-572.894080618179	-187.63249647458628
4.25425	-574.4657683971184	1087.193347122488
4.270933333333334	-536.6180626025252	-436.030613809462
4.287616666666667	-589.0146565445608	-1687.040458852239
4.3043000000000005	-592.9089792462285	-239.47781052099415
4.320983333333333	-597.005232822278	-110.17589765613235
4.337666666666667	-596.5851816980214	91.7041763210151
4.35435	-593.9453701390335	156.50045177168082
4.371033333333333	-591.3632832905731	130.06614806512692
4.387716666666667	-589.605496331927	93.90549105483537
