1.8351666666666668	-197.866548223206	-38.48762719645119
1.85185	-198.54117443785424	-46.870937057869064
1.8685333333333334	-199.43047515637022	-55.9109786687447
1.8852166666666668	-200.40673742610136	-67.68623391655242
1.9019000000000001	-201.68893916138586	-78.99324228004353
1.9185833333333335	-203.04247861017882	-97.74249657390058
1.9352666666666667	-204.950280463735	-114.8925100241066
1.95195	-206.87605869464983	-125.27447402480973
1.9686333333333335	-209.13027208036283	-135.42183326559032
1.9853166666666668	-211.3946338646117	-149.20455019872196
2.0020000000000002	-214.10873057199353	-149.636075498276
2.0186833333333336	-216.38749091707086	-154.35358997706703
2.0353666666666665	-219.25899535756162	-174.37440073616685
2.05205	-222.20578342163424	-175.7835807641115
2.0687333333333333	-225.12430750239082	-179.5079944088951
2.0854166666666667	-228.19536683507772	-175.8655304363296
2.1021	-230.99235403461637	-173.98625329879607
2.1187833333333335	-234.0007081534809	-179.87077719731369
2.135466666666667	-236.99404230043342	-167.57727949243434
2.1521500000000002	-239.5922033792118	-158.81593582976942
2.1688333333333336	-242.29320069262008	-163.70997732524853
2.1855166666666666	-245.05465962263088	-149.4758109038643
2.2022	-247.28071024977896	-131.30982931232495
2.2188833333333333	-249.43603092735214	-133.29183786665797
2.2355666666666667	-251.72821457326313	-137.88066614833062
2.25225	-254.03664915450145	-135.87328738823842
2.2689333333333335	-256.2618532624507	-142.79333648712327
2.285616666666667	-258.8011868152885	-150.6051494851671
2.3023000000000002	-261.2870450836058	-158.00261890402265
2.3189833333333336	-264.0732075327194	-156.3302188898532
2.3356666666666666	-266.5032633872305	-158.2561556809455
2.35235	-269.35368792727354	-168.6875540445818
2.3690333333333333	-272.1318047738514	-179.78222647436803
2.3857166666666667	-275.352421550635	-186.56270192738785
2.4024	-278.35678026149526	-181.16670144977735
2.4190833333333335	-281.3973504890092	-193.0040947481306
2.435766666666667	-284.7966835562579	-202.3869370124025
2.4524500000000002	-288.15032795398974	-204.35491039944012
2.4691333333333336	-291.6153257332526	-213.89102741112885
2.485816666666667	-295.28715856860777	-239.20851286952907
2.5025	-299.5969164459991	-206.43227382012935
2.5191833333333333	-302.175115438406	-183.924937900767
2.5358666666666667	-305.7338785406214	-208.82412360901282
2.55255	-309.14288036282676	-202.40831636846556
2.5692333333333335	-312.4875693634492	-209.63520611295112
2.585916666666667	-316.1377084067956	-220.65432849940186
2.6026000000000002	-319.85006879104594	-214.27917130187342
2.6192833333333336	-323.2874900892348	-213.9572617081254
2.635966666666667	-326.98910942337375	-214.4552316202917
2.65265	-330.4431463176318	-215.38120797260797
2.6693333333333333	-334.1756623960597	-212.00923229328234
2.6860166666666667	-337.51718770181765	-209.94705993313613
2.7027	-341.18089596249536	-211.60607517203934
2.7193833333333335	-344.5777770767247	-211.71670171991775
2.736066666666667	-348.24517657654997	-219.57283646397252
2.7527500000000003	-351.9041907200726	-212.92974823416571
2.7694333333333336	-355.34993250929665	-209.84597801257507
2.7861166666666675	-358.906051519759	-208.88012479674808
2.8028000000000004	-362.3195660066815	-207.09735951008597
2.8194833333333333	-365.8162000820787	-207.5279266380783
2.8361666666666667	-369.24408115883864	-195.15386163102053
2.85285	-372.32783393183377	-185.63909476936092
2.8695333333333335	-375.43823895430967	-181.77590598194365
2.886216666666667	-378.39308999476464	-176.7113312403679
2.9029000000000003	-381.33450704002996	-178.83317506856943
2.9195833333333336	-384.36015693621925	-178.18306883844002
2.936266666666667	-387.2798821036059	-177.26975899278514
2.95295	-390.2750578946118	-179.29635132074924
2.9696333333333333	-393.26240369267487	-177.63008020876404
2.9863166666666667	-396.2019815709109	-180.24215299000525
3.003	-399.2764835307747	-183.37344684855705
3.0196833333333335	-402.32054224742444	-183.25317791448515
3.036366666666667	-405.39103123385473	-179.41829914041816
3.0530500000000003	-408.3071328287431	-179.4398248702564
3.0697333333333336	-411.37834005702564	-185.72824118394465
3.086416666666667	-414.50426514291405	-195.82210913755137
3.1031	-417.91227109858187	-200.99958385708376
3.1197833333333334	-421.210951257612	-192.96299490510657
3.1364666666666667	-424.3508030285823	-205.50908919941745
3.15315	-428.06810453389926	-210.374169181285
3.1698333333333335	-431.3702878069312	-205.1871021194909
3.186516666666667	-434.9145141746196	-205.7863579234014
3.2032000000000003	-438.2366926163087	-197.78469511997065
3.2198833333333337	-441.513930168456	-208.33140649082267
3.236566666666667	-445.1880172128858	-210.7978736884436
3.25325	-448.5475525538603	-211.38833909277412
3.2699333333333334	-452.24134146061465	-219.98659339401135
3.2866166666666667	-455.88777188677386	-209.81270043273042
3.3033	-459.2420918983868	-195.71677581091598
3.3199833333333335	-462.41818830633144	-203.90547429478832
3.336666666666667	-466.04573789068957	-231.72218023408914
3.3533500000000003	-470.1499850534756	-238.48432883246852
3.3700333333333337	-474.0031649960663	-222.16408460710412
3.386716666666667	-477.562860009866	-213.42669173671098
3.4034	-481.12450227701447	-214.51527070212472
3.4200833333333334	-484.72051954229346	-209.39741967213513
3.4367666666666667	-488.11139618007473	-203.47955402831124
3.45345	-491.50995399503813	-201.51405798957578
3.4701333333333335	-494.83524858166027	-200.68215377125463
3.486816666666667	-498.20604852587235	-195.84105588713376
3.5035000000000003	-501.3698118130943	-185.95060339008458
3.5201833333333337	-504.41060032565485	-181.01911701674658
3.536866666666667	-507.40981635088644	-177.03484333351554
3.55355	-510.31766293154976	-171.20535618959272
3.5702333333333334	-513.1223684024125	-171.16685058647687
3.5869166666666668	-516.0289301794519	-164.52742294725434
3.6036000000000006	-518.6121000814193	-158.36935251318698
3.6202833333333335	-521.3131875749752	-166.51513029773028
3.636966666666667	-524.1681549290201	-164.3239853333016
3.6536500000000003	-526.7961312189298	-134.29842284943527
3.6703333333333337	-528.6492456380963	-186.86586090277038
3.687016666666667	-533.0312221110522	-225.38016495409622
3.7037	-536.1694304753979	-188.56631217618778
3.7203833333333334	-539.3230513939976	-199.52156063112253
3.7370666666666668	-542.8267998817897	-210.31139485234496
3.75375	-546.3404416022375	-208.12647040547904
3.7704333333333335	-549.7712864443192	-208.7166173712406
3.787116666666667	-553.304619401858	-215.39256912084227
3.8038000000000003	-556.9582185006514	-210.40716258795578
3.8204833333333337	-560.3252050602094	-207.68866934686807
3.837166666666667	-563.8880971011919	-207.79753048110615
3.85385	-567.258715993929	-197.00693088430964
3.8705333333333334	-570.4615616950316	-192.59481966383152
3.8872166666666668	-573.6849631433788	-195.4380424854792
3.9039	-576.9826777126304	-193.53185030344386
3.9205833333333335	-580.1424758818371	-194.3568699101479
3.937266666666667	-583.4677186052991	-184.2141163222778
3.9539500000000003	-586.2890868964571	-140.43176822647672
3.9706333333333337	-588.1534586051225	-16.455113097285324
