# h P T
1.000000000000000000e+03 2.885999999999999943e+01 5.539999999999999858e+01
2.000000000000000000e+03 2.782000000000000028e+01 5.189999999999999858e+01
3.000000000000000000e+03 2.682000000000000028e+01 4.829999999999999716e+01
4.000000000000000000e+03 2.583999999999999986e+01 4.470000000000000284e+01
5.000000000000000000e+03 2.489000000000000057e+01 4.120000000000000284e+01
6.000000000000000000e+03 2.398000000000000043e+01 3.760000000000000142e+01
7.000000000000000000e+03 2.308999999999999986e+01 3.400000000000000000e+01
8.000000000000000000e+03 2.221999999999999886e+01 3.050000000000000000e+01
9.000000000000000000e+03 2.137999999999999901e+01 2.689999999999999858e+01
1.000000000000000000e+04 2.057000000000000028e+01 2.330000000000000071e+01
1.100000000000000000e+04 1.978999999999999915e+01 1.980000000000000071e+01
1.200000000000000000e+04 1.901999999999999957e+01 1.619999999999999929e+01
1.300000000000000000e+04 1.828999999999999915e+01 1.259999999999999964e+01
1.400000000000000000e+04 1.757000000000000028e+01 9.099999999999999645e+00
1.500000000000000000e+04 1.687999999999999901e+01 5.500000000000000000e+00
1.600000000000000000e+04 1.621000000000000085e+01 1.899999999999999911e+00
1.700000000000000000e+04 1.556000000000000050e+01 -1.600000000000000089e+00
1.800000000000000000e+04 1.493999999999999950e+01 -5.200000000000000178e+00
1.900000000000000000e+04 1.433000000000000007e+01 -8.800000000000000711e+00
2.000000000000000000e+04 1.374000000000000021e+01 -1.230000000000000071e+01
2.500000000000000000e+04 1.109999999999999964e+01 -3.014999999999999858e+01
3.000000000000000000e+04 8.890000000000000568e+00 -4.797999999999999687e+01
3.500000000000000000e+04 7.040000000000000036e+00 -6.871999999999999886e+01
4.000000000000000000e+04 5.540000000000000036e+00 -6.970000000000000284e+01
4.500000000000000000e+04 4.349999999999999645e+00 -6.970000000000000284e+01
5.000000000000000000e+04 3.430000000000000160e+00 -6.970000000000000284e+01
5.500000000000000000e+04 2.689999999999999947e+00 -6.970000000000000284e+01
6.000000000000000000e+04 2.120000000000000107e+00 -6.970000000000000284e+01
6.500000000000000000e+04 1.669999999999999929e+00 -6.970000000000000284e+01
7.000000000000000000e+04 1.310000000000000053e+00 -6.970000000000000284e+01
7.500000000000000000e+04 1.030000000000000027e+00 -6.970000000000000284e+01
8.000000000000000000e+04 8.100000000000000533e-01 -6.970000000000000284e+01
8.500000000000000000e+04 6.400000000000000133e-01 -6.479999999999999716e+01
9.000000000000000000e+04 5.000000000000000000e-01 -5.657000000000000028e+01
9.500000000000000000e+04 4.000000000000000222e-01 -4.834000000000000341e+01
1.000000000000000000e+05 3.200000000000000067e-01 -4.010999999999999943e+01
