med1
t	x	v_{x}
0.467	-413.3	0.274
0.500	-413.2	-4.989E-2
0.533	-413.3	5.071
0.567	-412.9	94.57
0.600	-407.0	89.50
0.633	-406.9	2.803
0.666	-406.8	1.641
0.700	-406.8	13.14
0.733	-405.9	51.82
0.766	-403.4	51.58
0.800	-402.5	23.74
0.833	-401.8	37.45
0.866	-400.0	43.20
0.899	-398.9	30.04
0.933	-398.0	31.89
0.966	-396.8	45.01
0.999	-395.0	42.58
1.032	-394.0	38.10
1.066	-392.5	44.67
1.099	-391.0	38.56
1.132	-389.9	37.42
1.165	-388.5	40.79
1.199	-387.2	34.63
1.232	-386.2	27.66
1.265	-385.4	29.88
1.299	-384.2	185.6
1.332	-373.0	165.6
1.365	-373.2	-0.208
1.398	-373.0	2.377
1.431	-373.1	0.990
1.465	-373.0	2.756
1.498	-372.9	11.49
1.531	-372.2	21.79
1.565	-371.4	39.61
1.598	-369.6	46.74
1.631	-368.3	34.88
1.664	-367.2	114.1
1.698	-360.7	105.0
1.731	-360.3	11.93
1.764	-359.9	12.57
1.797	-359.4	16.66
1.831	-358.8	19.48
1.864	-358.1	43.30
1.897	-356.0	43.21
1.931	-355.2	28.13
1.964	-354.1	42.74
1.997	-352.4	44.10
2.030	-351.2	40.22
2.064	-349.7	43.18
2.097	-348.3	35.50
2.130	-347.4	34.08
2.163	-346.0	38.68
2.197	-344.8	40.15
2.230	-343.3	44.18
2.263	-341.9	117.8
2.296	-335.5	98.87
2.330	-335.3	19.98
2.363	-334.2	24.46
2.396	-333.7	25.86
2.429	-332.5	37.25
2.463	-331.2	38.75
2.496	-329.9	25.28
2.529	-329.5	23.03
2.563	-328.3	34.62
2.596	-327.2	143.0
2.629	-318.8	135.6
2.662	-318.2	28.23
2.696	-317.0	14.20
2.729	-317.2	12.21
2.762	-316.1	41.28
2.795	-314.5	44.72
2.829	-313.2	38.00
2.862	-311.9	17.82
2.895	-312.0	25.38
2.928	-310.3	44.95
2.962	-309.0	20.59
2.995	-308.9	20.36
3.028	-307.6	40.41
3.062	-306.2	46.65
3.095	-304.5	33.13
3.128	-304.0	18.89
3.161	-303.3	85.17
3.195	-298.3	89.57
3.228	-297.3	17.82
3.261	-297.1	19.36
3.294	-296.0	24.61
3.328	-295.5	29.64
3.361	-294.1	32.79
3.394	-293.3	26.25
3.427	-292.3	29.99
3.461	-291.3	31.61
3.494	-290.2	35.00
3.527	-289.0	43.45
3.561	-287.3	132.0
3.594	-280.2	116.0
3.627	-279.6	27.36
3.660	-278.4	18.10
3.694	-278.4	18.11
3.727	-277.2	21.25
3.760	-277.0	24.00
3.793	-275.6	44.78
3.827	-274.0	41.97
3.860	-272.8	40.72
3.893	-271.3	43.29
3.926	-269.9	45.16
3.960	-268.3	43.54
3.993	-267.0	42.59
4.026	-265.5	43.06
4.059	-264.2	40.21
4.093	-262.8	28.85
4.126	-262.2	29.33
4.159	-260.8	33.27
4.192	-260.0	37.37
4.226	-258.3	45.07
4.259	-257.0	33.30
4.292	-256.1	27.86
4.325	-255.2	153.0
4.359	-245.9	137.9
4.392	-246.0	8.880
4.425	-245.3	24.69
4.459	-244.4	18.75
4.492	-244.1	19.12
4.525	-243.1	23.42
4.559	-242.5	26.71
4.592	-241.3	21.21
4.625	-241.1	7.251
4.658	-240.8	219.1
4.691	-226.5	219.5
4.725	-226.2	7.806
4.758	-226.0	4.939
4.791	-225.9	6.918
4.824	-225.6	13.70
4.858	-225.0	20.95
4.891	-224.2	11.15
4.924	-224.2	12.97
4.958	-223.3	15.33
4.991	-223.2	12.31
5.024	-222.5	32.17
5.057	-221.1	29.32
5.091	-220.5	28.56
5.124	-219.2	32.46
5.157	-218.4	28.57
5.190	-217.3	35.47
5.224	-216.0	49.18
5.257	-214.0	51.88
5.290	-212.6	45.43
5.323	-211.0	48.04
5.357	-209.4	43.41
5.390	-208.1	33.07
5.423	-207.2	32.10
5.457	-206.0	32.14
5.490	-205.0	44.65
5.523	-203.0	45.95
5.556	-202.0	31.16
5.590	-200.9	30.33
5.623	-200.0	45.05
5.656	-197.9	45.72
5.689	-196.9	44.10
5.723	-195.0	43.11
5.756	-194.0	30.48
5.789	-193.0	45.88
5.822	-191.0	44.92
5.856	-190.0	30.55
5.889	-189.0	31.24
5.922	-187.9	43.05
5.955	-186.1	43.51
5.989	-185.0	32.11
6.022	-184.0	41.19
6.055	-182.3	46.21
6.088	-180.9	42.97
6.122	-179.4	45.25
6.155	-177.9	49.78
6.188	-176.1	43.46
6.222	-175.0	32.97
6.255	-173.9	40.30
6.288	-172.3	45.66
6.321	-170.9	43.48
6.355	-169.4	44.39
6.388	-167.9	48.00
6.421	-166.2	49.08
6.454	-164.6	43.98
6.488	-163.3	40.47
6.521	-161.9	40.71
6.554	-160.6	41.63
6.587	-159.2	41.94
6.621	-157.8	42.68
6.654	-156.3	43.57
6.687	-154.9	37.58
6.720	-153.8	37.00
6.754	-152.4	46.15
6.787	-150.8	48.19
6.820	-149.2	41.71
6.854	-148.0	45.64
6.887	-146.2	53.06
6.920	-144.5	46.59
6.953	-143.1	35.86
6.987	-142.1	33.60
7.020	-140.9	42.80
7.053	-139.2	43.19
7.086	-138.0	45.11
7.120	-136.2	45.85
7.153	-134.9	35.11
7.186	-133.9	33.97
7.220	-132.7	41.54
7.253	-131.1	46.26
7.286	-129.6	35.17
7.319	-128.8	37.05
7.352	-127.1	50.40
7.386	-125.4	48.81
7.419	-123.9	43.71
7.452	-122.5	42.36
7.486	-121.1	38.26
7.519	-120.0	32.62
7.552	-118.9	43.31
7.585	-117.1	44.31
7.619	-116.0	33.64
7.652	-114.9	38.06
7.685	-113.4	45.18
7.718	-111.9	49.33
7.752	-110.1	44.14
7.785	-108.9	33.19
7.818	-107.9	39.66
7.851	-106.3	43.18
7.885	-105.1	36.83
7.918	-103.8	42.10
7.951	-102.3	43.73
7.984	-100.9	45.07
8.018	-99.26	46.95
8.051	-97.79	42.58
8.084	-96.43	40.52
8.118	-95.10	37.95
8.151	-93.90	44.08
8.184	-92.17	51.15
8.217	-90.50	41.54
8.251	-89.40	37.01
8.284	-88.04	37.42
8.317	-86.91	43.10
8.351	-85.17	43.32
8.384	-84.03	32.39
8.417	-83.02	31.78
8.450	-81.92	42.66
8.483	-80.18	49.66
8.517	-78.61	45.42
8.550	-77.16	39.89
8.583	-75.95	38.64
8.617	-74.58	44.88
8.650	-72.97	45.19
8.683	-71.58	42.23
8.716	-70.17	38.18
8.749	-69.04	40.49
8.783	-67.47	46.57
8.816	-65.94	38.54
8.849	-64.91	36.30
8.883	-63.53	40.31
8.916	-62.22	41.02
8.949	-60.80	35.53
8.982	-59.86	38.32
9.016	-58.25	43.68
9.049	-56.96	39.57
9.082	-55.61	43.33
9.116	-54.07	42.39
9.149	-52.79	41.77
9.182	-51.29	46.09
9.215	-49.72	43.68
9.249	-48.39	43.21
9.282	-46.85	45.89
9.315	-45.34	51.30
9.348	-43.44	49.17
9.382	-42.07	35.92
9.415	-41.05	43.03
9.448	-39.20	54.66
9.482	-37.41	47.46
9.515	-36.05	40.35
9.548	-34.73	39.89
9.581	-33.39	38.82
9.615	-32.14	35.55
9.648	-31.03	39.46
9.681	-29.52	43.58
9.714	-28.13	37.01
9.747	-27.06	41.74
9.781	-25.35	45.01
9.814	-24.06	34.16
9.848	-23.06	33.62
9.881	-21.83	36.75
9.914	-20.63	40.97
9.947	-19.11	38.98
9.981	-18.02	40.54
10.014	-16.41	41.69
10.047	-15.27	36.27
10.080	-13.99	43.02
10.113	-12.41	41.72
10.147	-11.22	36.37
10.180	-9.989	36.43
10.213	-8.795	37.86
10.246	-7.471	41.13
10.280	-6.059	36.86
10.313	-5.020	33.99
10.346	-3.791	42.16
10.379	-2.212	42.70
10.413	-0.957	37.92
10.446	0.311	42.05
10.479	1.841	39.08