med5
t	x	v_{x}
0.000	-373.0	
0.033	-373.0	-2.251
0.067	-373.2	-2.039
0.100	-373.2	1.410
0.133	-373.1	0.455
0.166	-373.1	-0.265
0.200	-373.1	167.2
0.233	-362.0	172.4
0.266	-361.7	37.67
0.300	-359.5	41.05
0.333	-358.9	7.344
0.366	-359.0	4.234
0.399	-358.6	3.853
0.432	-358.8	12.01
0.466	-357.8	25.15
0.499	-357.1	30.11
0.532	-355.8	47.12
0.566	-354.0	71.61
0.599	-351.1	61.19
0.632	-349.9	29.69
0.665	-349.1	28.99
0.699	-348.0	39.76
0.732	-346.5	49.52
0.765	-344.7	41.35
0.798	-343.7	23.58
0.832	-343.1	28.34
0.865	-341.8	31.02
0.898	-341.0	28.89
0.931	-339.9	43.35
0.965	-338.2	44.28
0.998	-337.0	34.67
1.031	-335.8	29.57
1.064	-335.0	71.72
1.098	-331.1	60.17
1.131	-331.0	18.02
1.164	-329.9	75.78
1.197	-326.0	72.25
1.231	-325.1	19.78
1.264	-324.6	52.62
1.297	-321.6	49.04
1.330	-321.4	4.333
1.364	-321.3	4.344
1.397	-321.1	7.178
1.430	-320.8	11.69
1.464	-320.3	101.6
1.497	-314.0	97.53
1.530	-313.8	4.526
1.563	-313.7	0.949
1.597	-313.8	125.4
1.630	-305.4	130.1
1.663	-305.1	8.616
1.697	-304.8	5.574
1.730	-304.7	9.401
1.763	-304.2	21.52
1.796	-303.3	31.11
1.830	-302.1	118.2
1.863	-295.4	100.0
1.896	-295.5	11.06
1.929	-294.7	65.14
1.963	-291.1	59.19
1.996	-290.7	17.81
2.029	-290.0	31.51
2.062	-288.7	29.30
2.096	-288.0	31.09
2.129	-286.6	31.50
2.162	-285.9	21.03
2.195	-285.2	31.40
2.229	-283.8	30.82
2.262	-283.1	41.36
2.295	-281.1	55.04
2.329	-279.5	33.81
2.362	-278.8	25.31
2.395	-277.8	31.66
2.428	-276.7	26.26
2.462	-276.0	17.24
2.495	-275.6	17.13
2.528	-274.9	22.33
2.561	-274.1	20.49
2.595	-273.5	24.36
2.628	-272.5	40.02
2.661	-270.9	41.87
2.694	-269.7	223.6
2.728	-256.0	211.1
2.761	-255.6	6.278
2.794	-255.6	1.075
2.827	-255.6	2.583
2.861	-255.4	195.4
2.894	-242.6	206.2
2.927	-241.7	8.898
2.961	-242.0	2.810
2.994	-241.5	9.668
3.027	-241.4	-1.115E-2
3.060	-241.5	6.702E-2
3.094	-241.3	3.284
3.127	-241.3	5.867
3.160	-241.0	9.942
3.193	-240.6	13.65
3.227	-240.0	19.30
3.260	-239.3	21.84
3.293	-238.6	19.45
3.326	-238.0	21.84
3.360	-237.1	29.04
3.393	-236.1	28.26
3.426	-235.3	30.34
3.459	-234.1	44.45
3.493	-232.3	50.35
3.526	-230.7	46.72
3.559	-229.2	47.68
3.592	-227.6	43.43
3.626	-226.3	38.17
3.659	-225.0	37.27
3.692	-223.8	48.05
3.726	-221.8	57.38
3.759	-220.0	45.93
3.792	-218.8	47.23
3.825	-216.9	51.00
3.859	-215.4	46.18
3.892	-213.8	42.79
3.925	-212.5	37.93
3.958	-211.3	53.87
3.992	-209.0	55.19
4.025	-207.6	47.21
4.059	-205.8	52.33
4.091	-204.1	44.35
4.125	-202.9	48.17
4.158	-200.9	44.76
4.191	-199.9	31.92
4.225	-198.8	43.85
4.258	-197.0	46.34
4.291	-195.7	37.13
4.324	-194.5	58.38
4.358	-191.8	66.40
4.391	-190.1	50.94
4.424	-188.4	47.17
4.457	-186.9	37.32
4.491	-185.9	36.56
4.524	-184.5	27.74
4.557	-184.1	18.72
4.591	-183.3	17.24
4.624	-183.0	9.676
4.657	-182.6	49.19
4.690	-179.7	156.8
4.723	-172.2	128.9
4.757	-171.1	22.60
4.790	-170.7	18.68
4.824	-169.9	16.83
4.857	-169.6	23.34
4.890	-168.3	39.59
4.923	-167.0	33.88
4.956	-166.1	27.38
4.990	-165.1	30.05
5.023	-164.1	29.00
5.056	-163.2	44.51
5.089	-161.1	68.92
5.123	-158.6	81.91
5.156	-155.6	44.98
5.189	-155.6	18.79
5.222	-154.4	
5.256		
5.289	-149.6	
5.323	-148.9	4.777
5.356	-149.3	14.06
5.389	-148.0	38.24
5.422	-146.7	76.35
5.455	-142.9	73.58
5.489	-141.8	32.56
5.522	-140.7	40.41
5.555	-139.1	43.36
5.589	-137.8	38.71
5.622	-136.6	42.84
5.655	-135.0	42.88
5.688	-133.7	36.47
5.721	-132.5	40.91
5.755	-131.0	42.11
5.788	-129.7	43.44
5.821	-128.1	43.52
5.854	-126.8	38.43
5.888	-125.5	34.46
5.921	-124.6	37.79
5.954	-123.0	39.78
5.988	-121.9	20.95
6.021	-121.7	21.84
6.054	-120.5	27.35
6.087	-119.8	27.06
6.121	-118.7	45.44
6.154	-116.8	45.44
6.187	-115.6	43.69
6.220	-113.9	44.23
6.254	-112.7	35.72
6.287	-111.5	30.49
6.320	-110.7	36.62
6.353	-109.1	40.16
6.387	-108.0	37.33
6.420	-106.6	36.89
6.453	-105.5	38.18
6.486	-104.1	47.35
6.520	-102.4	36.48
6.553	-101.6	34.89
6.586	-100.1	48.79
6.620	-98.39	62.14
6.653	-95.94	51.93
6.686	-94.94	36.27
6.719	-93.52	127.4
6.753	-86.46	114.1
6.786	-85.94	14.47
6.819	-85.50	13.49
6.852	-85.04	24.31
6.886	-83.88	29.49
6.919	-83.08	28.11
6.952	-82.01	33.42
6.985	-80.86	35.59
7.019	-79.64	38.38
7.052	-78.31	43.48
7.085	-76.75	39.69
7.119	-75.66	39.26
7.152	-74.14	43.82
7.185	-72.75	33.94
7.218	-71.87	30.32
7.252	-70.73	38.46
7.285	-69.32	27.77
7.318	-68.88	33.30
7.351	-67.11	46.54
7.385	-65.79	37.19
7.418	-64.63	37.83
7.451	-63.27	40.15
7.484	-61.96	37.70
7.518	-60.77	44.00
7.551	-59.03	54.79
7.584	-57.12	50.16
7.617	-55.70	45.20
7.651	-54.11	44.74
7.684	-52.72	36.69
7.717	-51.67	41.72
7.750	-49.94	42.81
7.784	-48.83	32.65
7.817	-47.77	31.59
7.850	-46.72	51.36
7.884	-44.36	58.98
7.917	-42.80	40.61
7.950	-41.66	32.57
7.984	-40.63	42.61
8.017	-38.81	49.02
8.050	-37.38	43.44
8.083	-35.93	39.97
8.116	-34.72	32.08
8.150	-33.80	28.70
8.183	-32.81	40.37
8.216	-31.11	46.06
8.250	-29.73	38.54
8.283	-28.55	41.39
8.316	-26.99	41.40
8.349	-25.79	42.18
8.383	-24.18	47.31
8.416	-22.64	42.50
8.449	-21.35	42.05
8.482	-19.85	38.97
8.516	-18.76	42.65