small4
t	x	v_{x}
0.000	-365.7	
0.033	-365.3	17.52
0.067	-364.5	25.51
0.100	-363.6	21.19
0.133	-363.1	19.66
0.166	-362.3	22.38
0.200	-361.6	21.87
0.233	-360.9	18.94
0.266	-360.4	19.36
0.299	-359.6	24.47
0.333	-358.8	21.66
0.366	-358.2	23.22
0.399	-357.2	23.76
0.432	-356.6	20.14
0.466	-355.9	18.01
0.499	-355.4	17.79
0.532	-354.7	11.55
0.565	-354.6	17.94
0.599	-353.5	30.54
0.632	-352.6	25.58
0.665	-351.8	22.73
0.698	-351.1	20.05
0.732	-350.5	20.78
0.765	-349.7	23.66
0.798	-348.9	19.02
0.832	-348.4	19.22
0.865	-347.6	23.96
0.898	-346.8	14.92
0.931	-346.6	19.75
0.965	-345.5	29.82
0.998	-344.6	23.32
1.031	-344.0	21.53
1.064	-343.2	24.06
1.098	-342.3	23.87
1.131	-341.6	18.79
1.164	-341.1	18.72
1.197	-340.4	22.69
1.231	-339.6	24.45
1.264	-338.7	19.87
1.297	-338.3	18.32
1.331	-337.5	23.17
1.364	-336.7	18.29
1.397	-336.3	17.81
1.430	-335.6	23.97
1.464	-334.7	18.86
1.497	-334.3	16.25
1.530	-333.6	23.55
1.563	-332.7	16.76
1.597	-332.5	16.39
1.630	-331.6	28.98
1.663	-330.6	16.73
1.696	-330.5	12.80
1.730	-329.7	28.95
1.763	-328.6	20.23
1.796	-328.4	14.85
1.829	-327.6	26.34
1.863	-326.6	23.89
1.896	-326.0	19.10
1.929	-325.4	21.75
1.963	-324.6	24.42
1.996	-323.7	28.86
2.029	-322.7	18.91
2.062	-322.5	16.73
2.095	-321.5	26.59
2.129	-320.7	27.58
2.162	-319.7	27.94
2.196	-318.9	32.59
2.229	-317.5	31.33
2.262	-316.8	17.18
2.295	-316.4	17.21
2.328	-315.6	23.46
2.362	-314.8	17.53
2.395	-314.5	21.46
2.428	-313.4	28.45
2.461	-312.6	25.97
2.495	-311.7	18.15
2.528	-311.4	15.71
2.561	-310.6	24.21
2.594	-309.8	20.69
2.628	-309.3	16.99
2.661	-308.6	22.51
2.694	-307.8	20.12
2.728	-307.3	17.78
2.761	-306.6	24.40
2.794	-305.7	26.65
2.827	-304.8	20.23
2.861	-304.3	17.55
2.894	-303.6	23.24
2.927	-302.8	24.50
2.960	-302.0	20.34
2.994	-301.4	21.22
3.027	-300.6	26.44
3.060	-299.7	25.11
3.093	-298.9	19.07
3.127	-298.4	20.74
3.160	-297.5	23.54
3.193	-296.8	18.11
3.227	-296.3	19.46
3.260	-295.5	27.60
3.293	-294.5	29.46
3.326	-293.6	18.38
3.360	-293.3	16.77
3.393	-292.4	26.00
3.426	-291.6	26.35
3.460	-290.7	17.66
3.493	-290.4	18.64
3.526	-289.5	28.07
3.559	-288.5	27.18
3.592	-287.7	26.56
3.626	-286.7	19.41
3.659	-286.4	19.14
3.692	-285.5	15.57
3.726	-285.3	16.96
3.759	-284.3	26.82
3.792	-283.5	47.23
3.825	-281.2	38.10
3.858	-281.0	10.30
3.892	-280.5	11.27
3.925	-280.3	12.54
3.958	-279.7	13.28
3.992	-279.4	18.24
4.025	-278.5	28.86
4.058	-277.5	27.04
4.092	-276.7	17.45
4.125	-276.3	17.38
4.158	-275.5	23.91
4.191	-274.7	16.70
4.225	-274.4	17.44
4.258	-273.5	16.17
4.291	-273.3	15.48
4.324	-272.5	24.19
4.358	-271.7	19.44
4.391	-271.2	18.48
4.424	-270.5	24.56
4.457	-269.6	17.75
4.491	-269.3	17.36
4.524	-268.4	26.59
4.557	-267.5	26.63
4.590	-266.7	17.87
4.624	-266.3	17.87
4.657	-265.5	26.06
4.690	-264.6	19.93
4.723	-264.1	19.14
4.757	-263.3	27.53
4.790	-262.3	26.51
4.823	-261.6	20.20
4.856	-261.0	18.68
4.890	-260.3	24.02
4.923	-259.4	20.64
4.956	-259.0	24.02
4.989	-257.8	21.94
5.023	-257.5	17.50
5.056	-256.6	14.00
5.089	-256.6	13.76
5.123	-255.7	18.45
5.156	-255.3	15.25
5.189	-254.7	44.22
5.222	-252.4	43.28
5.256	-251.8	125.2
5.289	-244.1	119.4
5.322	-243.8	7.740
5.355	-243.6	2.684
5.389	-243.7	-1.228
5.422	-243.6	2.271
5.455	-243.5	2.071
5.488	-243.5	0.146
5.522	-243.5	-0.612
5.555	-243.5	1.740
5.588	-243.4	2.188
5.621	-243.4	0.101
5.655	-243.4	10.82
5.688	-242.7	56.95
5.721	-239.6	51.71
5.755	-239.2	9.648
5.788	-239.0	7.491
5.821	-238.7	5.280
5.854	-238.6	6.013
5.888	-238.3	11.90
5.921	-237.8	15.62
5.954	-237.3	19.14
5.988	-236.5	21.47
6.021	-235.9	17.45
6.054	-235.4	18.02
6.087	-234.7	62.19
6.120	-231.2	56.59
6.154	-230.9	11.91
6.187	-230.5	18.79
6.220	-229.7	17.65
6.253	-229.3	16.21
6.287	-228.6	22.53
6.320	-227.8	18.87
6.353	-227.3	18.60
6.387	-226.5	28.00
6.420	-225.5	24.81
6.453	-224.9	19.50
6.486	-224.2	21.19
6.520	-223.5	22.44
6.553	-222.7	18.76
6.586	-222.2	16.00
6.619	-221.6	23.42
6.653	-220.7	19.91
6.686	-220.3	17.43
6.719	-219.5	12.35
6.753	-219.5	12.32
6.786	-218.7	16.77
6.819	-218.4	17.59
6.852	-217.5	13.57
6.886	-217.4	17.29
6.919	-216.4	29.53
6.952	-215.5	15.51
6.985	-215.3	15.01
7.019	-214.5	15.04
7.052	-214.3	16.65
7.085	-213.4	30.20
7.118	-212.3	30.11
7.152	-211.4	127.4
7.185	-203.9	119.0
7.218	-203.5	3.408
7.252	-203.6	-0.592
7.285	-203.5	0.323
7.318	-203.6	0.704
7.351	-203.5	0.700
7.384	-203.6	-1.578
7.418	-203.6	2.081
7.451	-203.4	1.852
7.484	-203.5	0.971
7.518	-203.4	10.02
7.551	-202.8	14.36
7.584	-202.4	39.41
7.617	-200.2	43.04
7.651	-199.5	33.96
7.684	-197.9	34.86
7.717	-197.2	19.73
7.750	-196.6	20.37
7.784	-195.9	19.40
7.817	-195.3	17.65
7.850	-194.7	16.32
7.883	-194.2	13.01
7.917	-193.8	12.18
7.950	-193.4	17.42
7.983	-192.7	24.38
8.016	-191.8	20.11
8.050	-191.3	17.07
8.083	-190.6	26.59
8.116	-189.6	25.33
8.150	-189.0	16.51
8.183	-188.5	14.74
8.216	-188.0	19.47
8.249	-187.2	23.80
8.283	-186.4	14.70
8.316	-186.2	18.99
8.349	-185.1	26.36
8.383	-184.4	19.19
8.416	-183.9	18.13
8.449	-183.2	14.00
8.482	-182.9	14.07
8.515	-182.3	24.43
8.549	-181.3	34.08
8.582	-180.0	26.79
8.615	-179.5	11.26
8.649	-179.3	13.81
8.682	-178.6	15.47
8.715	-178.2	24.34
8.748	-177.0	28.32
8.782	-176.4	21.06
8.815	-175.6	22.98
8.848	-174.8	20.03
8.881	-174.2	18.80
8.915	-173.6	22.47
8.948	-172.7	20.28
8.981	-172.2	17.97
9.014	-171.6	25.83
9.048	-170.5	24.81
9.081	-169.9	18.03
9.114	-169.3	22.31
9.148	-168.4	22.81
9.181	-167.8	17.28
9.214	-167.3	19.38
9.247	-166.5	24.23
9.280	-165.7	24.69
9.314	-164.9	18.51
9.347	-164.4	13.03
9.380	-164.0	14.77
9.414	-163.4	19.62
9.447	-162.7	51.56
9.480	-160.0	44.48
9.513	-159.7	7.765
9.547	-159.5	29.15
9.580	-157.8	29.27
9.613	-157.5	9.312
9.646	-157.2	25.13
9.680	-155.9	28.92
9.713	-155.3	18.93
9.746	-154.6	14.19
9.779	-154.3	16.87
9.813	-153.5	28.32
9.846	-152.4	23.00
9.879	-152.0	12.46
9.913	-151.6	11.20
9.946	-151.2	14.97
9.979	-150.6	39.79
10.012	-148.6	35.41
10.046	-148.2	13.96
10.079	-147.6	14.70
10.112	-147.3	18.16
10.145	-146.4	26.08
10.179	-145.5	20.40
10.212	-145.1	15.97
10.245	-144.5	16.06
10.278	-144.0	16.27
10.312	-143.4	21.40
10.345	-142.6	23.99
10.378	-141.8	53.45
10.411	-139.0	48.62
10.445	-138.6	9.833
10.478	-138.4	13.47
10.511	-137.7	16.83
10.545	-137.3	15.54
10.578	-136.6	19.45
10.611	-136.0	20.91
10.644	-135.2	22.90
10.678	-134.4	24.99
10.711	-133.6	25.34
10.744	-132.8	20.21
10.777	-132.2	19.22
10.811	-131.5	25.88
10.844	-130.5	27.35
10.877	-129.7	19.70
10.910	-129.2	20.27
10.944	-128.3	24.14
10.977	-127.6	22.00
11.010	-126.8	23.32
11.043	-126.0	23.35
11.077	-125.3	22.00
11.111	-124.6	23.20
11.143	-123.7	22.36
11.177	-123.1	21.03
11.210	-122.3	21.93
11.243	-121.6	22.15
11.276	-120.9	18.76
11.310	-120.4	19.04
11.343	-119.6	21.32
11.376	-119.0	17.79
11.409	-118.4	17.86
11.443	-117.8	16.13
11.476	-117.4	19.78
11.509	-116.5	25.63
11.543	-115.6	23.87
11.576	-114.9	20.17
11.609	-114.3	19.26
11.642	-113.6	22.57
11.676	-112.8	20.26
11.709	-112.2	18.53
11.742	-111.6	22.12
11.775	-110.8	20.79
11.809	-110.2	21.67
11.842	-109.3	23.28
11.875	-108.6	18.40
11.909	-108.1	18.45
11.942	-107.4	20.54
11.975	-106.7	23.21
12.008	-105.9	25.70
12.041	-105.0	23.27
12.075	-104.3	20.67
12.108	-103.7	22.29
12.141	-102.8	20.21
12.175	-102.3	19.41
12.208	-101.5	22.72
12.241	-100.8	20.39
12.274	-100.2	19.28
12.308	-99.51	21.46
12.341	-98.76	23.08
12.374	-97.98	22.96
12.408	-97.23	18.26
12.441	-96.77	15.07
12.474	-96.23	16.42
12.507	-95.67	20.67
12.540	-94.85	23.54
12.574	-94.11	21.96
12.607	-93.39	20.39
12.640	-92.75	21.47
12.674	-91.96	21.32
12.707	-91.33	19.79
12.740	-90.64	21.47
12.774	-89.90	23.54
12.806	-89.08	21.96
12.840	-88.44	21.57
12.874	-87.64	24.54
12.906	-86.81	25.77
12.940	-85.93	26.42
12.973	-85.05	20.60
13.006	-84.56	19.19
13.039	-83.78	24.15
13.073	-82.96	21.38
13.106	-82.35	18.42
13.139	-81.73	16.56
13.172	-81.25	15.09
13.206	-80.73	16.59
13.239	-80.15	21.83
13.272	-79.27	22.52
13.305	-78.65	17.13
13.339	-78.13	20.06
13.372	-77.32	25.55
13.405	-76.44	24.03
13.439	-75.72	23.82
13.472	-74.85	21.14
13.505	-74.31	17.52
13.538	-73.69	20.33
13.572	-72.96	19.11
13.605	-72.41	20.20
13.638	-71.61	23.90
13.671	-70.83	23.04
13.705	-70.09	18.62
13.738	-69.58	19.44
13.771	-68.79	18.90
13.805	-68.33	16.76
13.838	-67.67	22.29
13.871	-66.85	24.69
13.904	-66.03	22.78
13.937	-65.33	20.72
13.971	-64.66	21.84
14.004	-63.88	23.70
14.038	-63.07	22.58
14.071	-62.38	20.35
14.104	-61.73	22.11
14.137	-60.91	20.91
14.170	-60.34	18.43
14.204	-59.68	21.91
14.237	-58.88	19.22
14.270	-58.40	17.63
14.304	-57.70	23.68
14.337	-56.83	22.81
14.370	-56.19	18.80
14.403	-55.57	21.15
14.436	-54.78	23.00
14.470	-54.04	20.86
14.503	-53.39	20.08
14.536	-52.71	22.43
14.569	-51.90	21.46
14.603	-51.28	18.26
14.636	-50.69	21.81
14.669	-49.83	20.48
14.703	-49.32	17.46
14.736	-48.67	21.79
14.769	-47.87	24.94
14.802	-47.01	22.35
14.836	-46.38	18.13
14.869	-45.80	14.46
14.902	-45.42	17.42
14.935	-44.64	25.60
14.969	-43.72	25.02
15.002	-42.98	21.20