small2
t	x	v_{x}
0.000	-340.1	
0.033	-339.8	8.827
0.067	-339.5	13.34
0.100	-338.9	19.69
0.133	-338.2	22.89
0.166	-337.4	23.19
0.200	-336.7	10.71
0.233	-336.7	8.438
0.266	-336.1	14.59
0.299	-335.7	16.83
0.333	-335.0	23.42
0.366	-334.2	19.79
0.399	-333.7	20.66
0.432	-332.8	24.63
0.466	-332.0	23.89
0.499	-331.2	20.75
0.532	-330.7	9.006
0.565	-330.6	14.26
0.599	-329.7	24.41
0.632	-329.0	15.39
0.665	-328.7	15.71
0.699	-327.9	21.29
0.732	-327.3	17.23
0.765	-326.8	18.17
0.798	-326.1	20.95
0.832	-325.4	20.55
0.865	-324.7	21.20
0.898	-324.0	21.91
0.932	-323.2	25.43
0.965	-322.3	21.43
0.998	-321.8	19.16
1.031	-321.0	22.91
1.064	-320.3	21.03
1.098	-319.6	20.40
1.131	-318.9	22.76
1.164	-318.1	24.43
1.197	-317.3	18.78
1.231	-316.9	9.284
1.264	-316.7	13.49
1.297	-316.0	23.08
1.331	-315.2	18.00
1.364	-314.8	34.61
1.397	-312.9	31.00
1.430	-312.7	11.89
1.463	-312.1	15.34
1.497	-311.7	17.28
1.530	-310.9	66.09
1.563	-307.3	59.59
1.597	-306.9	21.21
1.630	-305.9	16.28
1.663	-305.9	0.230
1.697	-305.9	2.182
1.730	-305.7	3.546
1.763	-305.6	10.17
1.796	-305.0	12.97
1.830	-304.8	17.42
1.863	-303.9	24.17
1.896	-303.2	16.72
1.929	-302.8	20.55
1.963	-301.8	27.79
1.996	-300.9	26.29
2.029	-300.0	16.80
2.062	-299.8	19.52
2.096	-298.8	33.37
2.129	-297.6	34.30
2.162	-296.5	24.81
2.195	-295.9	13.77
2.229	-295.6	14.39
2.262	-295.0	20.07
2.295	-294.2	24.75
2.328	-293.3	22.29
2.362	-292.7	14.48
2.395	-292.4	11.52
2.428	-292.0	16.29
2.462	-291.3	17.14
2.495	-290.8	19.63
2.528	-290.0	19.93
2.561	-289.5	16.52
2.595	-288.9	20.02
2.628	-288.2	17.22
2.661	-287.7	18.45
2.694	-286.9	21.59
2.728	-286.3	16.63
2.761	-285.8	18.14
2.794	-285.1	18.01
2.827	-284.6	17.03
2.861	-284.0	21.05
2.894	-283.2	19.43
2.927	-282.7	18.20
2.960	-282.0	20.99
2.994	-281.3	19.26
3.027	-280.7	18.56
3.060	-280.0	23.31
3.094	-279.2	18.97
3.127	-278.8	17.90
3.160	-278.0	27.38
3.193	-277.0	33.52
3.227	-275.8	28.91
3.260	-275.0	13.82
3.293	-274.9	14.75
3.326	-274.0	23.28
3.360	-273.3	18.32
3.393	-272.8	18.87
3.426	-272.1	27.40
3.459	-271.0	17.78
3.493	-270.9	15.55
3.526	-270.0	27.78
3.559	-269.0	17.89
3.592	-268.8	15.52
3.626	-268.0	27.43
3.659	-267.0	17.34
3.693	-266.8	15.11
3.726	-265.9	27.92
3.759	-265.0	26.64
3.792	-264.2	15.82
3.825	-263.9	17.91
3.859	-263.0	28.15
3.892	-262.1	27.06
3.925	-261.2	19.37
3.958	-260.8	18.07
3.992	-260.0	22.11
4.025	-259.3	17.80
4.058	-258.8	19.39
4.091	-258.0	16.90
4.125	-257.7	15.15
4.158	-257.0	20.76
4.191	-256.3	19.61
4.224	-255.7	20.85
4.258	-254.9	20.80
4.291	-254.3	17.16
4.324	-253.8	19.44
4.357	-253.0	18.66
4.391	-252.5	19.45
4.424	-251.7	23.87
4.457	-250.9	24.35
4.490	-250.1	20.81
4.524	-249.5	17.95
4.557	-248.9	22.47
4.590	-248.1	23.01
4.624	-247.4	20.29
4.657	-246.7	23.27
4.690	-245.8	25.96
4.724	-245.0	24.13
4.757	-244.2	21.84
4.790	-243.5	20.41
4.823	-242.9	20.57
4.856	-242.2	15.30
4.890	-241.8	15.15
4.923	-241.1	16.48
4.956	-240.7	15.89
4.990	-240.1	18.36
5.023	-239.5	18.22
5.056	-238.9	21.46
5.089	-238.1	15.81
5.123	-237.8	15.37
5.156	-237.1	19.47
5.189	-236.5	19.46
5.222	-235.8	18.83
5.256	-235.3	13.78
5.289	-234.9	15.74
5.322	-234.2	21.36
5.355	-233.4	21.31
5.389	-232.8	20.34
5.422	-232.1	23.89
5.455	-231.2	27.93
5.489	-230.2	27.82
5.522	-229.4	23.29
5.555	-228.7	18.29
5.588	-228.2	15.91
5.622	-227.6	18.16
5.655	-226.9	17.78
5.688	-226.4	15.98
5.721	-225.9	18.83
5.755	-225.2	20.31
5.788	-224.5	20.71
5.821	-223.8	19.23
5.854	-223.3	15.43
5.888	-222.8	16.11
5.921	-222.2	17.71
5.954	-221.6	18.43
5.988	-221.0	20.46
6.021	-220.2	21.89
6.054	-219.5	23.20
6.087	-218.7	21.49
6.120	-218.1	22.47
6.154	-217.2	24.67
6.187	-216.4	19.00
6.220	-215.9	19.71
6.254	-215.1	23.98
6.287	-214.3	18.42
6.320	-213.9	18.92
6.353	-213.1	25.07
6.387	-212.2	17.62
6.420	-211.9	16.79
6.453	-211.1	26.35
6.486	-210.2	27.13
6.520	-209.3	17.68
6.553	-209.0	18.29
6.586	-208.1	27.21
6.619	-207.2	17.51
6.653	-206.9	15.88
6.686	-206.1	26.69
6.719	-205.1	18.58
6.752	-204.9	15.47
6.786	-204.1	24.75
6.819	-203.2	29.15
6.852	-202.2	18.68
6.886	-202.0	15.31
6.919	-201.2	24.71
6.952	-200.4	18.82
6.985	-199.9	19.26
7.019	-199.1	25.92
7.052	-198.2	19.33
7.085	-197.8	16.84
7.119	-197.1	24.43
7.152	-196.2	21.62
7.185	-195.6	16.54
7.218	-195.1	20.70
7.251	-194.3	17.90
7.285	-193.9	17.68
7.318	-193.1	26.37
7.351	-192.1	18.67
7.385	-191.8	15.00
7.418	-191.1	25.85
7.451	-190.1	27.31
7.484	-189.3	16.23
7.518	-189.0	16.99
7.551	-188.2	27.36
7.584	-187.2	17.73
7.617	-187.0	16.00
7.651	-186.1	23.81
7.684	-185.4	19.33
7.717	-184.9	19.95
7.750	-184.1	23.40
7.784	-183.3	20.63
7.817	-182.7	18.48
7.850	-182.1	21.98
7.883	-181.2	23.64
7.917	-180.5	19.70
7.950	-179.9	20.39
7.983	-179.1	23.57
8.017	-178.4	18.35
8.050	-177.9	18.81
8.083	-177.1	27.25
8.116	-176.1	19.33
8.150	-175.8	16.10
8.183	-175.0	25.94
8.216	-174.1	17.47
8.249	-173.9	14.88
8.283	-173.1	24.68
8.316	-172.2	19.29
8.349	-171.8	17.23
8.382	-171.1	24.06
8.416	-170.2	21.66
8.449	-169.7	17.76
8.482	-169.0	22.58
8.516	-168.1	28.91
8.549	-167.1	17.99
8.582	-167.0	15.28
8.615	-166.1	23.63
8.649	-165.4	18.15
8.682	-164.9	19.39
8.715	-164.1	25.05
8.748	-163.2	17.84
8.782	-162.9	17.95
8.815	-162.0	26.40
8.848	-161.1	23.68
8.882	-160.5	16.56
8.915	-160.0	21.09
8.948	-159.1	27.98
8.981	-158.2	16.45
9.014	-158.0	16.21
9.048	-157.1	28.02
9.081	-156.1	17.77
9.114	-155.9	15.46
9.147	-155.1	25.83
9.181	-154.2	19.79
9.214	-153.8	17.37
9.247	-153.0	23.70
9.281	-152.2	19.11
9.314	-151.8	17.08
9.347	-151.0	24.27
9.380	-150.2	20.15
9.414	-149.7	16.41
9.447	-149.1	22.45
9.480	-148.2	24.92
9.513	-147.4	18.44
9.547	-147.0	19.71
9.580	-146.1	25.25
9.613	-145.3	17.00
9.646	-145.0	18.95
9.680	-144.0	27.15
9.713	-143.2	17.33
9.746	-142.9	15.72
9.780	-142.1	27.08
9.813	-141.1	19.37
9.846	-140.8	15.25
9.879	-140.1	26.66
9.913	-139.1	27.54
9.946	-138.2	15.80
9.979	-138.0	16.44
10.012	-137.1	29.06
10.046	-136.1	18.47
10.079	-135.9	14.60
10.112	-135.1	28.61
10.145	-134.0	29.05
10.179	-133.2	15.00
10.212	-133.0	14.48
10.245	-132.2	29.46
10.278	-131.1	18.32
10.312	-131.0	14.24
10.345	-130.1	25.90
10.378	-129.3	16.89
10.412	-129.0	18.71
10.445	-128.0	28.05
10.478	-127.1	24.34
10.511	-126.4	18.58
10.545	-125.9	19.65
10.578	-125.1	24.01
10.611	-124.3	16.63
10.644	-124.0	17.04
10.678	-123.2	28.37
10.711	-122.1	19.18
10.744	-121.9	15.31
10.777	-121.1	25.55
10.811	-120.2	31.19
10.844	-119.0	18.96
10.877	-118.9	13.27
10.911	-118.1	23.58
10.944	-117.3	18.31
10.977	-116.9	19.19
11.010	-116.1	25.13
11.044	-115.2	20.45
11.077	-114.7	18.54
11.110	-114.0	24.16
11.143	-113.1	20.36
11.177	-112.6	16.64
11.210	-112.0	24.29
11.243	-111.0	17.04
11.277	-110.9	14.77
11.310	-110.0	28.31
11.343	-109.0	18.63
11.376	-108.8	17.83
11.409	-107.8	26.78
11.443	-107.0	14.98
11.476	-106.8	14.72
11.509	-106.0	24.15
11.543	-105.2	30.07
11.576	-104.0	18.75
11.609	-103.9	14.94
11.642	-103.0	26.19
11.676	-102.2	18.22
11.709	-101.8	17.36
11.742	-101.0	25.81
11.775	-100.1	16.70
11.809	-99.93	17.14
11.842	-98.98	28.25
11.875	-98.05	26.66
11.908	-97.20	16.67
11.942	-96.94	18.65
11.975	-95.96	28.27
12.008	-95.06	16.30
12.041	-94.88	15.61
12.075	-94.02	28.63
12.108	-92.97	17.07
12.141	-92.89	14.81
12.175	-91.99	30.45
12.208	-90.86	29.86
12.241	-90.00	14.77
12.275	-89.87	16.48
12.308	-88.90	28.51
12.341	-87.99	27.61
12.374	-87.07	19.43
12.407	-86.69	17.33
12.441	-85.92	23.53
12.474	-85.13	22.91
12.507	-84.40	19.40
12.541	-83.83	20.74
12.574	-83.02	25.54
12.607	-82.14	20.81
12.640	-81.63	18.37
12.674	-80.92	24.38
12.707	-80.01	26.82
12.740	-79.14	18.61
12.774	-78.77	17.78
12.807	-77.95	25.18
12.840	-77.10	21.83
12.873	-76.50	20.94
12.906	-75.71	24.04
12.940	-74.90	26.22
12.973	-73.96	24.46
13.006	-73.28	19.49
13.039	-72.67	19.45
13.073	-71.97	22.64
13.106	-71.16	19.68
13.139	-70.67	18.90
13.172	-69.90	23.19
13.206	-69.13	24.53
13.239	-68.27	20.00
13.272	-67.80	19.30
13.306	-66.98	23.67
13.339	-66.22	20.64
13.372	-65.61	21.45
13.405	-64.80	23.54
13.439	-64.04	24.91
13.472	-63.14	27.35
13.505	-62.22	22.05
13.538	-61.67	19.65
13.572	-60.92	24.12
13.605	-60.07	23.93
13.638	-59.33	19.73
13.671	-58.76	20.13
13.705	-57.99	22.86
13.738	-57.23	21.99
13.771	-56.52	22.90
13.804	-55.71	23.88
13.838	-54.93	23.10
13.871	-54.18	18.89
13.904	-53.68	17.76
13.938	-52.99	21.36
13.971	-52.25	23.70
14.004	-51.41	21.29
14.037	-50.84	19.97
14.071	-50.09	24.27
14.104	-49.23	24.90
14.137	-48.43	21.51
14.170	-47.79	20.48
14.204	-47.06	22.07
14.237	-46.33	20.83
14.270	-45.68	18.95
14.303	-45.07	21.25
14.337	-44.27	22.64
14.370	-43.56	19.67
14.403	-42.96	21.68
14.436	-42.12	22.35
14.470	-41.47	21.24
14.503	-40.70	21.17
14.536	-40.07	20.26
14.570	-39.36	18.59
14.603	-38.82	18.81
14.636	-38.11	20.88
14.669	-37.44	18.93
14.703	-36.85	20.08
14.736	-36.11	22.88
14.769	-35.32	19.05
14.802	-34.84	18.00
14.836	-34.13	22.69
14.869	-33.33	21.25
14.902	-32.71	19.20
14.935	-32.05	21.40
14.969	-31.29	20.29
15.002	-30.70	17.81
15.035	-30.10	21.65
15.068	-29.26	20.45