small3
t	x	v_{x}
0.000	-363.9	
0.033	-363.8	0.794
0.067	-363.8	0.463
0.100	-363.8	-0.733
0.133	-363.9	-1.314
0.166	-363.9	1.819
0.200	-363.8	4.769
0.233	-363.5	12.08
0.266	-363.0	14.94
0.299	-362.5	18.86
0.333	-361.7	16.95
0.366	-361.4	17.26
0.399	-360.6	29.24
0.432	-359.5	22.47
0.466	-359.1	15.57
0.499	-358.4	16.72
0.532	-357.9	11.75
0.565	-357.7	16.64
0.599	-356.8	20.48
0.632	-356.3	21.60
0.665	-355.4	24.49
0.699	-354.7	23.27
0.732	-353.9	25.64
0.765	-353.0	16.19
0.798	-352.8	19.12
0.832	-351.7	27.54
0.865	-350.9	23.97
0.898	-350.1	20.72
0.931	-349.6	21.64
0.965	-348.6	25.59
0.998	-347.9	21.68
1.031	-347.2	19.47
1.064	-346.6	21.94
1.098	-345.7	13.68
1.131	-345.7	13.17
1.164	-344.9	25.88
1.198	-343.9	35.99
1.231	-342.5	32.63
1.264	-341.8	20.46
1.297	-341.1	19.83
1.331	-340.4	19.58
1.364	-339.8	21.51
1.397	-339.0	20.22
1.431	-338.5	19.87
1.464	-337.7	23.86
1.497	-336.9	23.24
1.530	-336.1	16.17
1.564	-335.8	18.88
1.597	-334.9	22.47
1.630	-334.3	25.10
1.663	-333.2	25.78
1.697	-332.6	17.63
1.730	-332.0	16.70
1.763	-331.5	20.51
1.796	-330.7	26.88
1.829	-329.7	24.81
1.863	-329.0	17.28
1.896	-328.5	16.20
1.929	-328.0	11.26
1.963	-327.8	18.59
1.996	-326.7	16.18
2.029	-326.7	13.83
2.062	-325.8	26.32
2.096	-325.0	20.61
2.129	-324.4	17.93
2.162	-323.8	22.56
2.195	-322.9	20.67
2.229	-322.4	17.10
2.262	-321.8	21.99
2.295	-320.9	23.82
2.329	-320.2	21.43
2.362	-319.5	20.75
2.395	-318.8	22.97
2.428	-318.0	19.81
2.462	-317.5	18.47
2.495	-316.8	23.75
2.528	-315.9	26.16
2.561	-315.0	26.33
2.595	-314.2	27.20
2.628	-313.2	24.45
2.661	-312.5	21.03
2.694	-311.8	23.06
2.728	-311.0	24.35
2.761	-310.2	21.32
2.794	-309.6	23.44
2.827	-308.6	25.10
2.861	-307.9	22.21
2.894	-307.1	23.07
2.927	-306.4	21.45
2.960	-305.7	23.40
2.994	-304.8	24.91
3.027	-304.1	20.04
3.060	-303.5	19.42
3.094	-302.8	10.77
3.127	-302.8	12.58
3.160	-301.9	25.27
3.193	-301.1	22.47
3.227	-300.4	20.56
3.260	-299.7	21.33
3.293	-299.0	19.22
3.326	-298.5	18.47
3.360	-297.8	23.85
3.393	-296.9	15.98
3.426	-296.7	19.05
3.459	-295.6	31.00
3.493	-294.7	26.06
3.526	-293.9	26.33
3.559	-292.9	21.39
3.593	-292.4	17.78
3.626	-291.7	23.70
3.659	-290.9	27.12
3.692	-289.9	15.95
3.726	-289.8	11.18
3.759	-289.2	19.29
3.792	-288.5	21.54
3.825	-287.8	23.99
3.859	-286.9	20.45
3.892	-286.4	20.23
3.925	-285.6	24.06
3.959	-284.8	22.98
3.992	-284.0	20.58
4.025	-283.4	19.62
4.058	-282.7	23.13
4.091	-281.9	14.61
4.125	-281.8	19.24
4.158	-280.6	29.34
4.191	-279.8	12.98
4.225	-279.7	14.85
4.258	-278.8	27.38
4.291	-277.9	33.70
4.324	-276.6	18.22
4.358	-276.7	11.69
4.391	-275.8	27.07
4.424	-274.9	17.16
4.457	-274.7	19.36
4.491	-273.6	30.36
4.524	-272.7	27.85
4.557	-271.8	14.66
4.590	-271.7	14.10
4.624	-270.8	30.13
4.657	-269.7	17.61
4.690	-269.7	13.58
4.723	-268.8	29.59
4.757	-267.7	29.29
4.790	-266.8	15.56
4.823	-266.7	18.43
4.857	-265.6	28.86
4.890	-264.7	14.38
4.923	-264.6	14.25
4.956	-263.8	27.10
4.990	-262.8	26.33
5.023	-262.0	23.65
5.056	-261.3	22.68
5.089	-260.5	22.77
5.123	-259.7	24.63
5.156	-258.9	15.99
5.189	-258.7	16.69
5.222	-257.8	31.85
5.256	-256.6	18.94
5.289	-256.5	11.50
5.322	-255.8	27.66
5.355	-254.7	30.88
5.389	-253.7	27.38
5.422	-252.9	15.51
5.455	-252.7	18.62
5.489	-251.6	30.11
5.522	-250.7	26.52
5.555	-249.9	14.82
5.588	-249.7	20.15
5.622	-248.5	29.85
5.655	-247.7	12.87
5.688	-247.7	14.02
5.722	-246.8	19.19
5.755	-246.4	18.11
5.788	-245.6	25.54
5.821	-244.7	27.67
5.854	-243.8	15.76
5.888	-243.6	17.57
5.921	-242.6	29.23
5.954	-241.7	14.40
5.987	-241.6	14.68
6.021	-240.7	29.20
6.054	-239.7	31.34
6.087	-238.6	29.39
6.121	-237.7	14.99
6.154	-237.6	14.90
6.187	-236.7	16.78
6.220	-236.5	16.22
6.254	-235.7	29.02
6.287	-234.6	29.73
6.320	-233.7	16.07
6.353	-233.5	16.09
6.387	-232.6	24.26
6.420	-231.9	18.01
6.453	-231.4	20.31
6.486	-230.5	28.66
6.520	-229.5	29.16
6.553	-228.6	13.92
6.586	-228.6	16.23
6.619	-227.5	26.74
6.653	-226.8	15.41
6.686	-226.5	18.21
6.719	-225.6	46.62
6.753	-223.4	36.09
6.786	-223.2	8.674
6.819	-222.8	9.645
6.853	-222.6	15.68
6.886	-221.8	20.63
6.919	-221.2	18.06
6.952	-220.6	25.12
6.985	-219.5	27.58
7.019	-218.7	14.58
7.052	-218.5	15.24
7.085	-217.7	21.52
7.119	-217.1	18.59
7.152	-216.5	22.81
7.185	-215.6	23.05
7.218	-215.0	16.53
7.252	-214.5	20.67
7.285	-213.6	26.07
7.318	-212.8	16.85
7.351	-212.5	16.75
7.385	-211.6	28.00
7.418	-210.6	30.41
7.451	-209.6	22.09
7.484	-209.1	16.80
7.518	-208.5	19.77
7.551	-207.8	18.73
7.584	-207.3	20.21
7.617	-206.5	27.20
7.651	-205.4	23.62
7.684	-204.9	14.07
7.717	-204.5	20.84
7.751	-203.5	28.80
7.784	-202.6	25.75
7.817	-201.8	23.32
7.850	-201.0	20.03
7.884	-200.5	20.90
7.917	-199.6	21.86
7.950	-199.0	19.69
7.983	-198.3	22.58
8.017	-197.5	25.34
8.050	-196.7	16.63
8.083	-196.4	17.11
8.116	-195.5	26.06
8.150	-194.7	24.74
8.183	-193.9	17.96
8.216	-193.5	18.79
8.249	-192.6	23.07
8.283	-191.9	17.59
8.316	-191.4	20.32
8.349	-190.6	28.27
8.382	-189.6	18.80
8.416	-189.3	14.31
8.449	-188.6	22.14
8.482	-187.9	17.06
8.516	-187.5	18.43
8.549	-186.6	26.52
8.582	-185.7	24.88
8.615	-185.0	19.84
8.649	-184.4	21.00
8.682	-183.6	22.46
8.715	-182.9	18.05
8.748	-182.4	20.40
8.782	-181.6	26.36
8.815	-180.6	25.82
8.848	-179.8	18.05
8.881	-179.4	18.96
8.915	-178.6	25.44
8.948	-177.7	14.56
8.981	-177.6	18.77
9.014	-176.5	27.43
9.048	-175.8	24.83
9.081	-174.8	32.45
9.114	-173.6	25.73
9.147	-173.1	12.85
9.181	-172.8	10.08
9.214	-172.5	16.83
9.247	-171.6	27.66
9.280	-170.6	25.83
9.314	-169.9	16.05
9.347	-169.5	16.77
9.380	-168.8	24.41
9.414	-167.9	20.94
9.447	-167.4	17.60
9.480	-166.8	14.91
9.513	-166.4	15.79
9.547	-165.7	23.92
9.580	-164.8	14.48
9.613	-164.7	19.10
9.646	-163.6	30.53
9.680	-162.7	13.29
9.713	-162.7	12.81
9.746	-161.9	23.34
9.780	-161.1	23.88
9.813	-160.3	22.19
9.846	-159.6	21.98
9.879	-158.8	14.55
9.913	-158.7	12.00
9.946	-158.0	17.46
9.979	-157.5	20.64
10.012	-156.6	29.41
10.046	-155.6	29.67
10.079	-154.7	25.44
10.112	-153.9	17.94
10.145	-153.5	18.43
10.179	-152.6	15.66
10.212	-152.4	16.46
10.245	-151.5	28.09
10.279	-150.6	19.44
10.312	-150.2	15.88
10.345	-149.5	23.89
10.378	-148.7	22.44
10.412	-148.0	18.45
10.445	-147.4	20.78
10.478	-146.6	25.75
10.511	-145.7	37.09
10.545	-144.2	32.67
10.578	-143.5	11.53
10.611	-143.4	12.31
10.644	-142.7	22.86
10.678	-141.9	20.10
10.711	-141.4	18.60
10.744	-140.6	24.34
10.778	-139.8	27.42
10.811	-138.8	27.08
10.844	-138.0	23.94
10.877	-137.2	21.14
10.910	-136.6	20.91
10.944	-135.8	18.14
10.977	-135.4	15.18
11.010	-134.8	15.05
11.044	-134.4	15.76
11.077	-133.8	9.853
11.110	-133.7	12.06
11.143	-133.0	15.19
11.177	-132.7	81.72
11.210	-127.5	84.43
11.243	-127.1	14.84
11.276	-126.5	16.07
11.310	-126.0	13.17
11.343	-125.7	12.80
11.376	-125.2	16.81
11.409	-124.5	18.14
11.443	-124.0	16.03
11.476	-123.5	17.42
11.509	-122.8	19.74
11.542	-122.2	18.63
11.576	-121.6	20.28
11.609	-120.8	20.91
11.642	-120.2	16.98
11.676	-119.7	18.19
11.709	-118.9	19.41
11.742	-118.4	17.47
11.775	-117.8	19.86
11.809	-117.1	18.26
11.842	-116.6	18.84
11.875	-115.8	17.69
11.908	-115.4	16.42
11.942	-114.7	22.42
11.975	-113.9	18.42
12.008	-113.5	17.96
12.041	-112.7	22.25
12.075	-112.0	17.62
12.108	-111.5	19.50
12.141	-110.7	22.65
12.174	-110.0	18.73
12.208	-109.5	19.11
12.241	-108.8	18.29
12.274	-108.3	17.31
12.308	-107.6	22.06
12.341	-106.8	21.10
12.374	-106.2	16.80
12.407	-105.7	18.26
12.441	-105.0	15.82
12.474	-104.6	18.14
12.507	-103.8	26.01
12.540	-102.9	18.51
12.574	-102.5	17.22
12.607	-101.7	19.53
12.640	-101.2	18.01
12.674	-100.6	22.43
12.707	-99.76	13.96
12.740	-99.62	14.23
12.773	-98.81	17.37
12.807	-98.47	16.99
12.840	-97.68	29.39
12.873	-96.51	28.13
12.906	-95.81	16.82
12.940	-95.39	16.70
12.973	-94.70	22.15
13.006	-93.92	18.46
13.039	-93.47	18.78
13.073	-92.67	23.64
13.106	-91.90	32.13
13.139	-90.53	18.85
13.172	-90.64	14.29
13.206	-89.58	28.66
13.239	-88.74	40.76
13.272	-86.87	33.67
13.306	-86.49	2.549
13.339	-86.70	5.684
13.372	-86.11	17.57
13.406	-85.53	22.21
13.439	-84.63	25.38
13.472	-83.85	23.40
13.505	-83.08	18.15
13.538	-82.64	19.54
13.572	-81.78	17.67
13.605	-81.47	16.36
13.639	-80.68	24.06
13.671	-79.87	19.38
13.705	-79.40	17.80
13.738	-78.68	21.88
13.771	-77.95	17.67
13.804	-77.51	18.24
13.838	-76.73	14.05
13.871	-76.57	16.81
13.904	-75.61	29.93
13.937	-74.58	28.53
13.971	-73.72	30.24
14.004	-72.56	16.33
14.037	-72.63	15.79
14.071	-71.52	28.63
14.104	-70.73	25.30
14.137	-69.83	19.46
14.170	-69.43	17.69
14.204	-68.65	22.14
14.237	-67.96	16.63
14.270	-67.55	16.24
14.303	-66.88	15.42
14.337	-66.52	16.94
14.370	-65.75	17.27
14.403	-65.37	17.17
14.436	-64.61	23.88
14.470	-63.79	20.45
14.503	-63.25	17.92
14.536	-62.59	23.18
14.570	-61.71	26.82
14.603	-60.81	22.91
14.636	-60.18	19.47
14.669	-59.51	22.84
14.703	-58.66	22.40
14.736	-58.02	19.64
14.769	-57.36	23.55
14.802	-56.46	24.56
14.836	-55.72	18.90
14.869	-55.20	17.47
14.902	-54.56	21.23
14.935	-53.79	19.79
14.969	-53.24	18.50
